
=================================================
n_gen  |  n_eval  |     f_avg     |     f_min
=================================================
     1 |       50 |  6.607784E+07 |  5.501728E+07
     2 |      100 |  5.894688E+07 |  5.501728E+07
     3 |      150 |  5.586791E+07 |  5.501728E+07
     4 |      200 |  5.552997E+07 |  5.484338E+07
     5 |      250 |  5.531172E+07 |  5.475856E+07
     6 |      300 |  5.517055E+07 |  5.465744E+07
     7 |      350 |  5.500465E+07 |  5.456784E+07
     8 |      400 |  5.488639E+07 |  5.456784E+07
     9 |      450 |  5.479115E+07 |  5.455478E+07
    10 |      500 |  5.471651E+07 |  5.455478E+07
    11 |      550 |  5.468258E+07 |  5.455478E+07
    12 |      600 |  5.463097E+07 |  5.448055E+07
    13 |      650 |  5.458902E+07 |  5.447231E+07
    14 |      700 |  5.456463E+07 |  5.447231E+07
    15 |      750 |  5.455272E+07 |  5.447231E+07
    16 |      800 |  5.454068E+07 |  5.445946E+07
    17 |      850 |  5.453076E+07 |  5.445946E+07
    18 |      900 |  5.452022E+07 |  5.445946E+07
    19 |      950 |  5.451358E+07 |  5.445946E+07
    20 |     1000 |  5.450833E+07 |  5.445907E+07
    21 |     1050 |  5.449969E+07 |  5.444589E+07
    22 |     1100 |  5.448994E+07 |  5.444589E+07
    23 |     1150 |  5.448316E+07 |  5.444589E+07
    24 |     1200 |  5.447974E+07 |  5.444589E+07
    25 |     1250 |  5.447692E+07 |  5.444589E+07
    26 |     1300 |  5.447228E+07 |  5.444589E+07
    27 |     1350 |  5.446950E+07 |  5.444537E+07
    28 |     1400 |  5.446617E+07 |  5.444537E+07
    29 |     1450 |  5.446420E+07 |  5.444537E+07
    30 |     1500 |  5.446012E+07 |  5.444537E+07
    31 |     1550 |  5.445602E+07 |  5.444537E+07
    32 |     1600 |  5.445333E+07 |  5.444500E+07
    33 |     1650 |  5.445103E+07 |  5.444500E+07
    34 |     1700 |  5.444914E+07 |  5.443497E+07
    35 |     1750 |  5.444722E+07 |  5.443497E+07
    36 |     1800 |  5.444640E+07 |  5.443497E+07
    37 |     1850 |  5.444571E+07 |  5.443304E+07
    38 |     1900 |  5.444466E+07 |  5.443304E+07
    39 |     1950 |  5.444372E+07 |  5.443304E+07
    40 |     2000 |  5.444255E+07 |  5.443260E+07
    41 |     2050 |  5.444132E+07 |  5.443260E+07
    42 |     2100 |  5.443990E+07 |  5.443260E+07
    43 |     2150 |  5.443890E+07 |  5.443260E+07
    44 |     2200 |  5.443814E+07 |  5.443260E+07
    45 |     2250 |  5.443723E+07 |  5.443260E+07
    46 |     2300 |  5.443678E+07 |  5.443260E+07
    47 |     2350 |  5.443628E+07 |  5.443260E+07
    48 |     2400 |  5.443562E+07 |  5.443260E+07
    49 |     2450 |  5.443519E+07 |  5.443260E+07
    50 |     2500 |  5.443489E+07 |  5.443260E+07
    51 |     2550 |  5.443437E+07 |  5.442004E+07
    52 |     2600 |  5.443422E+07 |  5.442004E+07
    53 |     2650 |  5.443385E+07 |  5.442004E+07
    54 |     2700 |  5.443340E+07 |  5.442004E+07
    55 |     2750 |  5.443325E+07 |  5.442004E+07
    56 |     2800 |  5.443317E+07 |  5.442004E+07
    57 |     2850 |  5.443240E+07 |  5.441984E+07
    58 |     2900 |  5.443220E+07 |  5.441984E+07
    59 |     2950 |  5.443170E+07 |  5.441889E+07
    60 |     3000 |  5.443087E+07 |  5.441889E+07
    61 |     3050 |  5.443065E+07 |  5.441889E+07
    62 |     3100 |  5.443007E+07 |  5.441889E+07
    63 |     3150 |  5.442989E+07 |  5.441889E+07
    64 |     3200 |  5.442866E+07 |  5.441889E+07
    65 |     3250 |  5.442750E+07 |  5.441889E+07
    66 |     3300 |  5.442654E+07 |  5.441889E+07
    67 |     3350 |  5.442587E+07 |  5.441889E+07
    68 |     3400 |  5.442465E+07 |  5.441888E+07
    69 |     3450 |  5.442250E+07 |  5.441888E+07
    70 |     3500 |  5.442130E+07 |  5.441888E+07
    71 |     3550 |  5.442018E+07 |  5.441888E+07
    72 |     3600 |  5.441967E+07 |  5.441885E+07
    73 |     3650 |  5.441955E+07 |  5.441885E+07
    74 |     3700 |  5.441941E+07 |  5.441883E+07
    75 |     3750 |  5.441933E+07 |  5.441883E+07
    76 |     3800 |  5.441926E+07 |  5.441883E+07
    77 |     3850 |  5.441919E+07 |  5.441883E+07
    78 |     3900 |  5.441911E+07 |  5.441862E+07
    79 |     3950 |  5.441903E+07 |  5.441862E+07
    80 |     4000 |  5.441900E+07 |  5.441862E+07
    81 |     4050 |  5.441897E+07 |  5.441862E+07
    82 |     4100 |  5.441895E+07 |  5.441862E+07
    83 |     4150 |  5.441893E+07 |  5.441862E+07
    84 |     4200 |  5.441890E+07 |  5.441862E+07
    85 |     4250 |  5.441888E+07 |  5.441862E+07
    86 |     4300 |  5.441885E+07 |  5.441862E+07
    87 |     4350 |  5.441882E+07 |  5.441862E+07
    88 |     4400 |  5.441880E+07 |  5.441862E+07
    89 |     4450 |  5.441878E+07 |  5.441862E+07
    90 |     4500 |  5.441875E+07 |  5.441862E+07
    91 |     4550 |  5.441874E+07 |  5.441862E+07
    92 |     4600 |  5.441873E+07 |  5.441862E+07
    93 |     4650 |  5.441873E+07 |  5.441862E+07
    94 |     4700 |  5.441872E+07 |  5.441862E+07
    95 |     4750 |  5.441871E+07 |  5.441862E+07
    96 |     4800 |  5.441870E+07 |  5.441862E+07
    97 |     4850 |  5.441870E+07 |  5.441862E+07
    98 |     4900 |  5.441870E+07 |  5.441862E+07
    99 |     4950 |  5.441868E+07 |  5.441862E+07
   100 |     5000 |  5.441867E+07 |  5.441862E+07
Best solution found:
X = {'compress_before_storing': True, 'm_tank': 63.83563224615104, 'p_el': 230.50119633015004, 'p_fc': 0.0007214523407396579}
F = [54418621.88655287]

Process finished with exit code 0
