
=================================================
n_gen  |  n_eval  |     f_avg     |     f_min
=================================================
     1 |       30 |  1.767594E+07 |  1.170195E+07
     2 |       60 |  1.491687E+07 |  1.170195E+07
     3 |       90 |  1.316638E+07 |  1.160090E+07
     4 |      120 |  1.237698E+07 |  1.136143E+07
     5 |      150 |  1.213889E+07 |  1.136143E+07
     6 |      180 |  1.182482E+07 |  1.136143E+07
     7 |      210 |  1.166456E+07 |  1.135396E+07
     8 |      240 |  1.156772E+07 |  1.133518E+07
     9 |      270 |  1.146911E+07 |  1.126934E+07
    10 |      300 |  1.139275E+07 |  1.126934E+07
    11 |      330 |  1.134551E+07 |  1.126707E+07
    12 |      360 |  1.131666E+07 |  1.126707E+07
    13 |      390 |  1.129825E+07 |  1.125585E+07
    14 |      420 |  1.128485E+07 |  1.125545E+07
    15 |      450 |  1.126873E+07 |  1.121726E+07
    16 |      480 |  1.125434E+07 |  1.120230E+07
    17 |      510 |  1.124009E+07 |  1.120230E+07
    18 |      540 |  1.122311E+07 |  1.118900E+07
    19 |      570 |  1.121852E+07 |  1.118900E+07
    20 |      600 |  1.121540E+07 |  1.118900E+07
    21 |      630 |  1.121262E+07 |  1.118900E+07
    22 |      660 |  1.121107E+07 |  1.118900E+07
    23 |      690 |  1.120780E+07 |  1.118900E+07
    24 |      720 |  1.120509E+07 |  1.118859E+07
    25 |      750 |  1.120190E+07 |  1.118492E+07
    26 |      780 |  1.119889E+07 |  1.118492E+07
    27 |      810 |  1.119593E+07 |  1.118492E+07
    28 |      840 |  1.119449E+07 |  1.118492E+07
    29 |      870 |  1.119301E+07 |  1.118492E+07
    30 |      900 |  1.119088E+07 |  1.118417E+07
    31 |      930 |  1.118834E+07 |  1.118417E+07
    32 |      960 |  1.118750E+07 |  1.118417E+07
    33 |      990 |  1.118704E+07 |  1.118417E+07
    34 |     1020 |  1.118631E+07 |  1.118416E+07
    35 |     1050 |  1.118584E+07 |  1.118416E+07
    36 |     1080 |  1.118534E+07 |  1.118409E+07
    37 |     1110 |  1.118481E+07 |  1.118366E+07
    38 |     1140 |  1.118459E+07 |  1.118358E+07
    39 |     1170 |  1.118451E+07 |  1.118358E+07
    40 |     1200 |  1.118442E+07 |  1.118358E+07
    41 |     1230 |  1.118428E+07 |  1.118355E+07
    42 |     1260 |  1.118420E+07 |  1.118355E+07
    43 |     1290 |  1.118408E+07 |  1.118354E+07
    44 |     1320 |  1.118397E+07 |  1.118354E+07
    45 |     1350 |  1.118396E+07 |  1.118354E+07
    46 |     1380 |  1.118388E+07 |  1.118349E+07
    47 |     1410 |  1.118383E+07 |  1.118349E+07
    48 |     1440 |  1.118373E+07 |  1.118346E+07
    49 |     1470 |  1.118367E+07 |  1.118333E+07
    50 |     1500 |  1.118361E+07 |  1.118325E+07
Best solution found:
X = {'compress_before_storing': True, 'm_tank': 163.98215697974456, 'p_el': 227.7461381195317, 'p_fc': 0.000277195513528089}
F = [11183246.37980217]

Process finished with exit code 0
